p_2v_rampa    = [0.4160 0.0890 0 0.1225 1.5400 20.9002 0.0109 0.0651 0.1284 13.9983];
p_4v_rampa    = [0.4160 0.0890 0 0.1225 1.5400 20.9004 0.0053 0.0651 0.1284 14.0000];
p_6v_rampa    = [0.4160 0.0890 0 0.1225 1.5400 20.9004 0.0038 0.0651 0.1284 13.9983];
% p_7_34v_rampa = [0.4160 0.0890 0 0.1225 1.5400 20.9004 0.0032 0.0651 0.1284 13.9984];
p_2v_skok     = [0.4160 0.0890 0 0.1225 1.5400 20.9004 0.0090 0.0652 0.1297 13.9983];
p_4v_skok     = [0.4160 0.0890 0 0.1225 1.5400 20.9004 0.0048 0.0656 0.1297 13.9983];
p_6v_skok     = [0.4160 0.0890 0 0.1225 1.5400 20.9004 0.0033 0.0658 0.1297 13.9966];
p_8v_skok     = [0.4160 0.0890 0 0.1225 1.5400 20.9004 0.0022 0.0651 0.1297 13.9986];
p_10v_skok    = [0.4160 0.0890 0 0.1225 1.5400 20.9004 0.0020 0.0644 0.1297 14.0001];
% p_12v_skok    = [0.4160 0.0890 0 0.1225 1.5400 20.9004 0.0020 0.0644 0.1297 14.0001];


%{
    Kolumny: M, mp, mc, Lp, alpha_dcm, B, gamma_stri, miu_c, miu_s, vs 
%}

params = [p_2v_rampa; p_4v_rampa; p_6v_rampa; ];